materials:
  mdf:
    beta_nominal: 4.9399999999999995
    beta_min: 4.085
    beta_max: 6.175
    porosity_leak_nominal: 0.038
    porosity_leak_min: 0.019
    porosity_leak_max: 0.08549999999999999
    wall_loss_nominal: 0.042749999999999996
    wall_loss_min: 0.019
    wall_loss_max: 0.08549999999999999
  plywood_varnished:
    beta_nominal: 3.04
    beta_min: 2.4699999999999998
    beta_max: 3.8
    porosity_leak_nominal: 0.0114
    porosity_leak_min: 0.0038
    porosity_leak_max: 0.028499999999999998
    wall_loss_nominal: 0.017099999999999997
    wall_loss_min: 0.0076
    wall_loss_max: 0.0304
  birch:
    beta_nominal: 3.23
    beta_min: 2.6599999999999997
    beta_max: 4.085
    porosity_leak_nominal: 0.019
    porosity_leak_min: 0.00475
    porosity_leak_max: 0.0475
    wall_loss_nominal: 0.019
    wall_loss_min: 0.0095
    wall_loss_max: 0.038
  birch_plywood:
    beta_nominal: 3.61
    beta_min: 2.945
    beta_max: 4.465
    porosity_leak_nominal: 0.0209
    porosity_leak_min: 0.0076
    porosity_leak_max: 0.0475
    wall_loss_nominal: 0.0209
    wall_loss_min: 0.0095
    wall_loss_max: 0.042749999999999996
